comms_cons: 168.88153599139454
finished_reconf: true
global_termination_time: 1711993.1951733334
local_termination_time: 2759.466
node_cons: 35206.5562010934
tot_aggregated_send: 24070
tot_msg_rcv: 603
tot_msg_sent: 996
tot_reconf_duration: 0
tot_sleeping_duration: 1685700.024
tot_uptimes: 439
tot_uptimes_duration: 26293.171173333423
