comms_cons: 10.018688000052927
finished_reconf: true
global_termination_time: 94769.618
local_termination_time: 4613.947
node_cons: 1955.3199999999993
tot_aggregated_send: 1314
tot_msg_rcv: 97
tot_msg_sent: 104
tot_reconf_duration: 20
tot_sleeping_duration: 93329.618
tot_uptimes: 25
tot_uptimes_duration: 1440.0
