comms_cons: 9.533324799952034
finished_reconf: true
global_termination_time: 93843.61831999985
local_termination_time: 93843.61831999985
node_cons: 2063.583658479803
tot_aggregated_send: 1392
tot_msg_rcv: 37
tot_msg_sent: 9
tot_reconf_duration: 40
tot_sleeping_duration: 92343.048
tot_uptimes: 25
tot_uptimes_duration: 1500.5703199998534
