comms_cons: 9.270156799952035
finished_reconf: true
global_termination_time: 93843.78691999952
local_termination_time: 13163.056
node_cons: 2044.6282388793454
tot_aggregated_send: 1352
tot_msg_rcv: 9
tot_msg_sent: 48
tot_reconf_duration: 40
tot_sleeping_duration: 92357.373
tot_uptimes: 25
tot_uptimes_duration: 1486.4139199995116
