comms_cons: 20.27709440001109
finished_reconf: true
global_termination_time: 206632.09924000024
local_termination_time: 93818.77747999998
node_cons: 4234.976659360334
tot_aggregated_send: 2842
tot_msg_rcv: 108
tot_msg_sent: 131
tot_reconf_duration: 18.21
tot_sleeping_duration: 203487.777
tot_uptimes: 53
tot_uptimes_duration: 3144.3222400002414
