comms_cons: 12.839359999999807
finished_reconf: true
global_termination_time: 98682.73112
local_termination_time: 98682.69
node_cons: 2062.685059679992
tot_aggregated_send: 1392
tot_msg_rcv: 25
tot_msg_sent: 8
tot_reconf_duration: 30
tot_sleeping_duration: 97172.69
tot_uptimes: 26
tot_uptimes_duration: 1510.0411199999944
