comms_cons: 170.80847359158838
finished_reconf: true
global_termination_time: 1711992.232999998
local_termination_time: 1711992.232999998
node_cons: 35313.422483997274
tot_aggregated_send: 24592
tot_msg_rcv: 524
tot_msg_sent: 842
tot_reconf_duration: 30
tot_sleeping_duration: 1685649.677
tot_uptimes: 439
tot_uptimes_duration: 26342.555999998003
