comms_cons: 168.93926399143564
finished_reconf: true
global_termination_time: 1711992.2384533335
local_termination_time: 2759.466
node_cons: 35205.275153013536
tot_aggregated_send: 24070
tot_msg_rcv: 603
tot_msg_sent: 997
tot_reconf_duration: 0
tot_sleeping_duration: 1685700.024
tot_uptimes: 439
tot_uptimes_duration: 26292.214453333523
