comms_cons: 161.64951039957356
finished_reconf: true
global_termination_time: 1715884.925
local_termination_time: 41.636
node_cons: 35269.259999999944
tot_aggregated_send: 24360
tot_msg_rcv: 81
tot_msg_sent: 121
tot_reconf_duration: 0
tot_sleeping_duration: 1689544.925
tot_uptimes: 440
tot_uptimes_duration: 26340.0
