comms_cons: 20.658688000131676
finished_reconf: true
global_termination_time: 209052.576
local_termination_time: 142310.32024000003
node_cons: 4288.778699999994
tot_aggregated_send: 2958
tot_msg_rcv: 87
tot_msg_sent: 94
tot_reconf_duration: 22.65
tot_sleeping_duration: 205872.576
tot_uptimes: 54
tot_uptimes_duration: 3180.0
