comms_cons: 24.712857599962128
finished_reconf: true
global_termination_time: 206647.04812000023
local_termination_time: 2759.466
node_cons: 4230.264029680302
tot_aggregated_send: 2842
tot_msg_rcv: 62
tot_msg_sent: 74
tot_reconf_duration: 0
tot_sleeping_duration: 203487.777
tot_uptimes: 53
tot_uptimes_duration: 3159.271120000223
