comms_cons: 40.36195840006144
finished_reconf: true
global_termination_time: 409018.4393600001
local_termination_time: 409018.4393600001
node_cons: 8386.552349040083
tot_aggregated_send: 5916
tot_msg_rcv: 91
tot_msg_sent: 119
tot_reconf_duration: 10
tot_sleeping_duration: 402765.286
tot_uptimes: 105
tot_uptimes_duration: 6253.153360000055
