comms_cons: 19.395532799917827
finished_reconf: true
global_termination_time: 206631.04828000022
local_termination_time: 2759.466
node_cons: 4208.840243920296
tot_aggregated_send: 2842
tot_msg_rcv: 47
tot_msg_sent: 59
tot_reconf_duration: 0
tot_sleeping_duration: 203487.777
tot_uptimes: 53
tot_uptimes_duration: 3143.271280000219
