comms_cons: 39.97527040024467
finished_reconf: true
global_termination_time: 409018.3632800004
local_termination_time: 2759.466
node_cons: 8409.510873920515
tot_aggregated_send: 5742
tot_msg_rcv: 129
tot_msg_sent: 205
tot_reconf_duration: 0
tot_sleeping_duration: 402737.922
tot_uptimes: 105
tot_uptimes_duration: 6280.441280000377
