comms_cons: 13.155161599999808
finished_reconf: true
global_termination_time: 102912.49312
local_termination_time: 102912.452
node_cons: 2156.6050596799914
tot_aggregated_send: 1440
tot_msg_rcv: 25
tot_msg_sent: 8
tot_reconf_duration: 40
tot_sleeping_duration: 101342.452
tot_uptimes: 27
tot_uptimes_duration: 1570.0411199999944
