comms_cons: 15.436185600026915
finished_reconf: true
global_termination_time: 108301.12
local_termination_time: 12510.318
node_cons: 2223.4999999999995
tot_aggregated_send: 1468
tot_msg_rcv: 39
tot_msg_sent: 61
tot_reconf_duration: 40
tot_sleeping_duration: 106681.12
tot_uptimes: 28
tot_uptimes_duration: 1620.0
