comms_cons: 19.34945280000365
finished_reconf: true
global_termination_time: 209052.576
local_termination_time: 4613.947
node_cons: 4285.180000000003
tot_aggregated_send: 2938
tot_msg_rcv: 2
tot_msg_sent: 1
tot_reconf_duration: 20
tot_sleeping_duration: 205872.576
tot_uptimes: 54
tot_uptimes_duration: 3180.0
