comms_cons: 9.04568319999716
finished_reconf: true
global_termination_time: 93835.02635999983
local_termination_time: 8972.298
node_cons: 2019.317849039761
tot_aggregated_send: 1362
tot_msg_rcv: 6
tot_msg_sent: 3
tot_reconf_duration: 30
tot_sleeping_duration: 92357.373
tot_uptimes: 25
tot_uptimes_duration: 1477.653359999822
