comms_cons: 11.928780799971365
finished_reconf: true
global_termination_time: 93825.63271999966
local_termination_time: 93825.63271999966
node_cons: 1998.7609400795498
tot_aggregated_send: 1392
tot_msg_rcv: 1
tot_msg_sent: 31
tot_reconf_duration: 10
tot_sleeping_duration: 92343.048
tot_uptimes: 25
tot_uptimes_duration: 1482.5847199996642
