comms_cons: 13.372279466650085
finished_reconf: true
global_termination_time: 93848.40302666655
local_termination_time: 8972.298
node_cons: 2037.2292057065013
tot_aggregated_send: 1362
tot_msg_rcv: 19
tot_msg_sent: 3
tot_reconf_duration: 30
tot_sleeping_duration: 92357.373
tot_uptimes: 25
tot_uptimes_duration: 1491.0300266665436
