comms_cons: 19.446681599920236
finished_reconf: true
global_termination_time: 206631.20812000023
local_termination_time: 2759.466
node_cons: 4209.054269680307
tot_aggregated_send: 2842
tot_msg_rcv: 47
tot_msg_sent: 59
tot_reconf_duration: 0
tot_sleeping_duration: 203487.777
tot_uptimes: 53
tot_uptimes_duration: 3143.4311200002267
