comms_cons: 9.522577066628665
finished_reconf: true
global_termination_time: 93832.83362666653
local_termination_time: 93832.79250666653
node_cons: 2035.5629541064875
tot_aggregated_send: 1392
tot_msg_rcv: 25
tot_msg_sent: 8
tot_reconf_duration: 30
tot_sleeping_duration: 92343.048
tot_uptimes: 25
tot_uptimes_duration: 1489.785626666533
