comms_cons: 54.34424320011422
finished_reconf: true
global_termination_time: 568477.3171733335
local_termination_time: 2759.466
node_cons: 11673.698151093531
tot_aggregated_send: 8004
tot_msg_rcv: 109
tot_msg_sent: 147
tot_reconf_duration: 0
tot_sleeping_duration: 559759.096
tot_uptimes: 146
tot_uptimes_duration: 8718.22117333347
