comms_cons: 53.66656000001691
finished_reconf: true
global_termination_time: 568548.907
local_termination_time: 10352.273
node_cons: 11690.040000000015
tot_aggregated_send: 8148
tot_msg_rcv: 6
tot_msg_sent: 3
tot_reconf_duration: 30
tot_sleeping_duration: 559848.907
tot_uptimes: 146
tot_uptimes_duration: 8700.0
