comms_cons: 10.210995200039314
finished_reconf: true
global_termination_time: 93811.07883999987
local_termination_time: 2759.466
node_cons: 1946.5121197598176
tot_aggregated_send: 1334
tot_msg_rcv: 100
tot_msg_sent: 117
tot_reconf_duration: 0
tot_sleeping_duration: 92357.373
tot_uptimes: 25
tot_uptimes_duration: 1453.705839999864
