comms_cons: 9.204326399986469
finished_reconf: true
global_termination_time: 93811.07883999987
local_termination_time: 2769.466
node_cons: 1960.0921197598175
tot_aggregated_send: 1382
tot_msg_rcv: 2
tot_msg_sent: 14
tot_reconf_duration: 10
tot_sleeping_duration: 92357.373
tot_uptimes: 25
tot_uptimes_duration: 1453.705839999864
