comms_cons: 14.205875200018035
finished_reconf: true
global_termination_time: 96021.669
local_termination_time: 4463.726
node_cons: 1955.3199999999993
tot_aggregated_send: 1314
tot_msg_rcv: 16
tot_msg_sent: 50
tot_reconf_duration: 20
tot_sleeping_duration: 94581.669
tot_uptimes: 25
tot_uptimes_duration: 1440.0
