comms_cons: 21.942323200025804
finished_reconf: true
global_termination_time: 209052.576
local_termination_time: 10352.273
node_cons: 4298.760000000003
tot_aggregated_send: 2928
tot_msg_rcv: 17
tot_msg_sent: 1
tot_reconf_duration: 30
tot_sleeping_duration: 205872.576
tot_uptimes: 54
tot_uptimes_duration: 3180.0
