comms_cons: 39.22375680007219
finished_reconf: true
global_termination_time: 409017.4331200004
local_termination_time: 2759.466
node_cons: 8408.26538968053
tot_aggregated_send: 5742
tot_msg_rcv: 86
tot_msg_sent: 126
tot_reconf_duration: 0
tot_sleeping_duration: 402737.922
tot_uptimes: 105
tot_uptimes_duration: 6279.5111200003885
