comms_cons: 20.197068799917627
finished_reconf: true
global_termination_time: 206641.46348000006
local_termination_time: 206641.42236000006
node_cons: 4235.8974087200895
tot_aggregated_send: 2958
tot_msg_rcv: 43
tot_msg_sent: 62
tot_reconf_duration: 20
tot_sleeping_duration: 203498.269
tot_uptimes: 53
tot_uptimes_duration: 3143.194480000064
