comms_cons: 9.314208000013542
finished_reconf: true
global_termination_time: 93843.048
local_termination_time: 93843.01927999979
node_cons: 2062.8199999999993
tot_aggregated_send: 1392
tot_msg_rcv: 3
tot_msg_sent: 20
tot_reconf_duration: 40
tot_sleeping_duration: 92343.048
tot_uptimes: 25
tot_uptimes_duration: 1500.0
