comms_cons: 14.422988800026914
finished_reconf: true
global_termination_time: 94769.618
local_termination_time: 4613.947
node_cons: 1955.3199999999993
tot_aggregated_send: 1314
tot_msg_rcv: 39
tot_msg_sent: 61
tot_reconf_duration: 20
tot_sleeping_duration: 93329.618
tot_uptimes: 25
tot_uptimes_duration: 1440.0
