comms_cons: 224.921734387856
finished_reconf: true
global_termination_time: 2230786.98372
local_termination_time: 2230786.98372
node_cons: 45959.34698079628
tot_aggregated_send: 31900
tot_msg_rcv: 697
tot_msg_sent: 1200
tot_reconf_duration: 40
tot_sleeping_duration: 2196503.9165200023
tot_uptimes: 572
tot_uptimes_duration: 34283.067199997604
