comms_cons: 9.066175999998316
finished_reconf: true
global_termination_time: 93821.6954799999
local_termination_time: 6382.855
node_cons: 1987.8878007198468
tot_aggregated_send: 1372
tot_msg_rcv: 3
tot_msg_sent: 2
tot_reconf_duration: 20
tot_sleeping_duration: 92357.373
tot_uptimes: 25
tot_uptimes_duration: 1464.3224799998861
