comms_cons: 9.835955200052844
finished_reconf: true
global_termination_time: 94769.618
local_termination_time: 12510.318
node_cons: 1982.4799999999993
tot_aggregated_send: 1294
tot_msg_rcv: 97
tot_msg_sent: 104
tot_reconf_duration: 40
tot_sleeping_duration: 93329.618
tot_uptimes: 25
tot_uptimes_duration: 1440.0
