comms_cons: 11.94851839996868
finished_reconf: true
global_termination_time: 93837.73495999964
local_termination_time: 93837.73495999964
node_cons: 2028.545839439521
tot_aggregated_send: 1392
tot_msg_rcv: 2
tot_msg_sent: 33
tot_reconf_duration: 20
tot_sleeping_duration: 92343.048
tot_uptimes: 25
tot_uptimes_duration: 1494.6869599996426
