comms_cons: 11.724825599981209
finished_reconf: true
global_termination_time: 93838.70523999986
local_termination_time: 6382.855
node_cons: 2010.6638693598088
tot_aggregated_send: 1372
tot_msg_rcv: 19
tot_msg_sent: 2
tot_reconf_duration: 20
tot_sleeping_duration: 92357.373
tot_uptimes: 25
tot_uptimes_duration: 1481.3322399998578
