comms_cons: 9.056170666663544
finished_reconf: true
global_termination_time: 93832.1030266665
local_termination_time: 8972.298
node_cons: 2015.4035057064389
tot_aggregated_send: 1362
tot_msg_rcv: 4
tot_msg_sent: 3
tot_reconf_duration: 30
tot_sleeping_duration: 92357.373
tot_uptimes: 25
tot_uptimes_duration: 1474.730026666497
