comms_cons: 9.295692799985346
finished_reconf: true
global_termination_time: 93809.86591999982
local_termination_time: 93809.86591999982
node_cons: 1977.6491948797673
tot_aggregated_send: 1392
tot_msg_rcv: 1
tot_msg_sent: 16
tot_reconf_duration: 10
tot_sleeping_duration: 92343.048
tot_uptimes: 25
tot_uptimes_duration: 1466.8179199998267
