comms_cons: 9.09173759999519
finished_reconf: true
global_termination_time: 93822.86523999987
local_termination_time: 6382.855
node_cons: 1989.4541093598136
tot_aggregated_send: 1372
tot_msg_rcv: 4
tot_msg_sent: 2
tot_reconf_duration: 20
tot_sleeping_duration: 92357.373
tot_uptimes: 25
tot_uptimes_duration: 1465.4922399998613
