comms_cons: 9.597260799950392
finished_reconf: true
global_termination_time: 93843.85807999985
local_termination_time: 93843.85807999985
node_cons: 2063.9046971197986
tot_aggregated_send: 1392
tot_msg_rcv: 37
tot_msg_sent: 9
tot_reconf_duration: 40
tot_sleeping_duration: 92343.048
tot_uptimes: 25
tot_uptimes_duration: 1500.8100799998501
