comms_cons: 10.589286400003319
finished_reconf: true
global_termination_time: 93843.94675999951
local_termination_time: 2759.466
node_cons: 1990.522264639336
tot_aggregated_send: 1334
tot_msg_rcv: 107
tot_msg_sent: 151
tot_reconf_duration: 0
tot_sleeping_duration: 92357.373
tot_uptimes: 25
tot_uptimes_duration: 1486.5737599995045
