comms_cons: 9.257002666628555
finished_reconf: true
global_termination_time: 93833.23459999963
local_termination_time: 8972.298
node_cons: 2016.9186823994978
tot_aggregated_send: 1362
tot_msg_rcv: 7
tot_msg_sent: 37
tot_reconf_duration: 30
tot_sleeping_duration: 92357.373
tot_uptimes: 25
tot_uptimes_duration: 1475.8615999996255
