comms_cons: 209.4159871986177
finished_reconf: true
global_termination_time: 2234787.881
local_termination_time: 41.636
node_cons: 45954.47999999948
tot_aggregated_send: 31494
tot_msg_rcv: 117
tot_msg_sent: 219
tot_reconf_duration: 0
tot_sleeping_duration: 2200467.881
tot_uptimes: 573
tot_uptimes_duration: 34320.0
