comms_cons: 20.229785599915353
finished_reconf: true
global_termination_time: 206663.5657200001
local_termination_time: 206663.5246000001
node_cons: 4292.65230808014
tot_aggregated_send: 2958
tot_msg_rcv: 45
tot_msg_sent: 64
tot_reconf_duration: 40
tot_sleeping_duration: 203498.269
tot_uptimes: 53
tot_uptimes_duration: 3165.2967200001003
