comms_cons: 19.511935999920215
finished_reconf: true
global_termination_time: 206663.7714800005
local_termination_time: 2759.466
node_cons: 4252.6566087206575
tot_aggregated_send: 2842
tot_msg_rcv: 50
tot_msg_sent: 62
tot_reconf_duration: 0
tot_sleeping_duration: 203487.777
tot_uptimes: 53
tot_uptimes_duration: 3175.9944800004887
