comms_cons: 19.243443200004858
finished_reconf: true
global_termination_time: 209052.576
local_termination_time: 12510.318
node_cons: 4312.340000000003
tot_aggregated_send: 2918
tot_msg_rcv: 2
tot_msg_sent: 1
tot_reconf_duration: 40
tot_sleeping_duration: 205872.576
tot_uptimes: 54
tot_uptimes_duration: 3180.0
