comms_cons: 20.214493866583375
finished_reconf: true
global_termination_time: 206652.51460000008
local_termination_time: 206652.47348000007
node_cons: 4264.274858400115
tot_aggregated_send: 2958
tot_msg_rcv: 44
tot_msg_sent: 63
tot_reconf_duration: 30
tot_sleeping_duration: 203498.269
tot_uptimes: 53
tot_uptimes_duration: 3154.245600000082
