comms_cons: 19.496644266588234
finished_reconf: true
global_termination_time: 206652.60702666707
local_termination_time: 2759.466
node_cons: 4237.7074057072105
tot_aggregated_send: 2842
tot_msg_rcv: 49
tot_msg_sent: 61
tot_reconf_duration: 0
tot_sleeping_duration: 203487.777
tot_uptimes: 53
tot_uptimes_duration: 3164.8300266670703
