comms_cons: 9.625056000034814
finished_reconf: true
global_termination_time: 96021.669
local_termination_time: 15090.628
node_cons: 1982.4799999999993
tot_aggregated_send: 1294
tot_msg_rcv: 75
tot_msg_sent: 93
tot_reconf_duration: 40
tot_sleeping_duration: 94581.669
tot_uptimes: 25
tot_uptimes_duration: 1440.0
