comms_cons: 55.87642880010247
finished_reconf: true
global_termination_time: 568476.4452399999
local_termination_time: 568476.4452399999
node_cons: 11706.244899359908
tot_aggregated_send: 8236
tot_msg_rcv: 97
tot_msg_sent: 156
tot_reconf_duration: 30
tot_sleeping_duration: 559764.343
tot_uptimes: 146
tot_uptimes_duration: 8712.10223999992
