comms_cons: 54.395392000107314
finished_reconf: true
global_termination_time: 568477.3704533335
local_termination_time: 2759.466
node_cons: 11673.769493013522
tot_aggregated_send: 8004
tot_msg_rcv: 109
tot_msg_sent: 147
tot_reconf_duration: 0
tot_sleeping_duration: 559759.096
tot_uptimes: 146
tot_uptimes_duration: 8718.274453333463
