comms_cons: 44.397824000094005
finished_reconf: true
global_termination_time: 409026.3631200004
local_termination_time: 2759.466
node_cons: 8420.222659680521
tot_aggregated_send: 5742
tot_msg_rcv: 94
tot_msg_sent: 134
tot_reconf_duration: 0
tot_sleeping_duration: 402737.922
tot_uptimes: 105
tot_uptimes_duration: 6288.4411200003815
