comms_cons: 220.15833598649263
finished_reconf: true
global_termination_time: 2236740.027
local_termination_time: 2759.466
node_cons: 45954.47999999948
tot_aggregated_send: 31204
tot_msg_rcv: 818
tot_msg_sent: 1433
tot_reconf_duration: 0
tot_sleeping_duration: 2202420.027
tot_uptimes: 573
tot_uptimes_duration: 34320.0
