comms_cons: 10.296524800027681
finished_reconf: true
global_termination_time: 93821.63115999976
local_termination_time: 2759.466
node_cons: 1960.641676239665
tot_aggregated_send: 1334
tot_msg_rcv: 102
tot_msg_sent: 128
tot_reconf_duration: 0
tot_sleeping_duration: 92357.373
tot_uptimes: 25
tot_uptimes_duration: 1464.2581599997502
