comms_cons: 13.228518399968682
finished_reconf: true
global_termination_time: 93836.72495999964
local_termination_time: 93836.68383999965
node_cons: 2027.193449439528
tot_aggregated_send: 1392
tot_msg_rcv: 1
tot_msg_sent: 33
tot_reconf_duration: 20
tot_sleeping_duration: 92343.048
tot_uptimes: 25
tot_uptimes_duration: 1493.6769599996478
