comms_cons: 13.004825599981208
finished_reconf: true
global_termination_time: 93837.61523999991
local_termination_time: 6382.855
node_cons: 2009.2043593598721
tot_aggregated_send: 1372
tot_msg_rcv: 18
tot_msg_sent: 2
tot_reconf_duration: 20
tot_sleeping_duration: 92357.373
tot_uptimes: 25
tot_uptimes_duration: 1480.242239999905
