comms_cons: 42.962867200089704
finished_reconf: true
global_termination_time: 409034.20616000035
local_termination_time: 409034.20616000035
node_cons: 8407.66409424045
tot_aggregated_send: 5916
tot_msg_rcv: 91
tot_msg_sent: 134
tot_reconf_duration: 10
tot_sleeping_duration: 402765.286
tot_uptimes: 105
tot_uptimes_duration: 6268.920160000329
