comms_cons: 111.9582719971191
finished_reconf: true
global_termination_time: 1129921.85124
local_termination_time: 1129921.85124
node_cons: 23261.62489935993
tot_aggregated_send: 16356
tot_msg_rcv: 263
tot_msg_sent: 398
tot_reconf_duration: 20
tot_sleeping_duration: 1112569.749
tot_uptimes: 290
tot_uptimes_duration: 17352.10223999992
