comms_cons: 105.76727040012344
finished_reconf: true
global_termination_time: 1131573.554
local_termination_time: 41.636
node_cons: 23218.260000000035
tot_aggregated_send: 15950
tot_msg_rcv: 64
tot_msg_sent: 62
tot_reconf_duration: 0
tot_sleeping_duration: 1114233.554
tot_uptimes: 290
tot_uptimes_duration: 17340.0
