comms_cons: 21.942323199991243
finished_reconf: true
global_termination_time: 206635.04812000023
local_termination_time: 13163.056
node_cons: 4268.5160296803015
tot_aggregated_send: 2918
tot_msg_rcv: 24
tot_msg_sent: 4
tot_reconf_duration: 40
tot_sleeping_duration: 203487.777
tot_uptimes: 53
tot_uptimes_duration: 3147.271120000223
