comms_cons: 11.968255999970653
finished_reconf: true
global_termination_time: 93849.83719999962
local_termination_time: 93849.83719999962
node_cons: 2058.330738799492
tot_aggregated_send: 1392
tot_msg_rcv: 3
tot_msg_sent: 35
tot_reconf_duration: 30
tot_sleeping_duration: 92343.048
tot_uptimes: 25
tot_uptimes_duration: 1506.789199999621
