comms_cons: 58.384512000049604
finished_reconf: true
global_termination_time: 568481.7008399997
local_termination_time: 568481.7008399997
node_cons: 11713.282147759643
tot_aggregated_send: 8236
tot_msg_rcv: 88
tot_msg_sent: 161
tot_reconf_duration: 30
tot_sleeping_duration: 559764.343
tot_uptimes: 146
tot_uptimes_duration: 8717.35783999972
