comms_cons: 59.536563200066084
finished_reconf: true
global_termination_time: 568482.6504533335
local_termination_time: 2759.466
node_cons: 11680.83941301356
tot_aggregated_send: 8004
tot_msg_rcv: 114
tot_msg_sent: 153
tot_reconf_duration: 0
tot_sleeping_duration: 559759.096
tot_uptimes: 146
tot_uptimes_duration: 8723.55445333349
