comms_cons: 114.52427519693484
finished_reconf: true
global_termination_time: 1129930.2601999997
local_termination_time: 1129930.2601999997
node_cons: 23272.884496799503
tot_aggregated_send: 16356
tot_msg_rcv: 255
tot_msg_sent: 406
tot_reconf_duration: 20
tot_sleeping_duration: 1112569.749
tot_uptimes: 290
tot_uptimes_duration: 17360.5111999996
