comms_cons: 115.99870719677746
finished_reconf: true
global_termination_time: 1133066.69
local_termination_time: 2759.466
node_cons: 23298.600000000035
tot_aggregated_send: 15950
tot_msg_rcv: 335
tot_msg_sent: 568
tot_reconf_duration: 0
tot_sleeping_duration: 1115666.69
tot_uptimes: 291
tot_uptimes_duration: 17400.0
