comms_cons: 9.303031466649783
finished_reconf: true
global_termination_time: 93832.0092799998
local_termination_time: 93831.9681599998
node_cons: 2034.459153919731
tot_aggregated_send: 1392
tot_msg_rcv: 2
tot_msg_sent: 19
tot_reconf_duration: 30
tot_sleeping_duration: 92343.048
tot_uptimes: 25
tot_uptimes_duration: 1488.9612799997994
