comms_cons: 9.003686400029345
finished_reconf: true
global_termination_time: 93843.26747999978
local_termination_time: 13163.056
node_cons: 2043.9327087196912
tot_aggregated_send: 1352
tot_msg_rcv: 5
tot_msg_sent: 4
tot_reconf_duration: 40
tot_sleeping_duration: 92357.373
tot_uptimes: 25
tot_uptimes_duration: 1485.8944799997698
