comms_cons: 174.1830485249295
finished_reconf: true
global_termination_time: 1711997.4885999977
local_termination_time: 1711997.4885999977
node_cons: 35320.45973239701
tot_aggregated_send: 24592
tot_msg_rcv: 517
tot_msg_sent: 847
tot_reconf_duration: 30
tot_sleeping_duration: 1685649.677
tot_uptimes: 439
tot_uptimes_duration: 26347.811599997804
