comms_cons: 40.14630400002849
finished_reconf: true
global_termination_time: 409017.38824000006
local_termination_time: 409017.38824000006
node_cons: 8398.724899360059
tot_aggregated_send: 5916
tot_msg_rcv: 78
tot_msg_sent: 108
tot_reconf_duration: 20
tot_sleeping_duration: 402765.286
tot_uptimes: 105
tot_uptimes_duration: 6252.1022400000365
