comms_cons: 39.172608000060464
finished_reconf: true
global_termination_time: 409018.36320000037
local_termination_time: 2759.466
node_cons: 8409.510766800478
tot_aggregated_send: 5742
tot_msg_rcv: 86
tot_msg_sent: 126
tot_reconf_duration: 0
tot_sleeping_duration: 402737.922
tot_uptimes: 105
tot_uptimes_duration: 6280.44120000035
