comms_cons: 9.952896000052927
finished_reconf: true
global_termination_time: 94769.618
local_termination_time: 10352.273
node_cons: 1968.8999999999994
tot_aggregated_send: 1304
tot_msg_rcv: 97
tot_msg_sent: 104
tot_reconf_duration: 30
tot_sleeping_duration: 93329.618
tot_uptimes: 25
tot_uptimes_duration: 1440.0
