comms_cons: 8.974054399988617
finished_reconf: true
global_termination_time: 93847.02763999972
local_termination_time: 13163.056
node_cons: 2048.9675629596204
tot_aggregated_send: 1352
tot_msg_rcv: 8
tot_msg_sent: 4
tot_reconf_duration: 40
tot_sleeping_duration: 92357.373
tot_uptimes: 25
tot_uptimes_duration: 1489.654639999717
