comms_cons: 19.077824000016005
finished_reconf: true
global_termination_time: 106852.581
local_termination_time: 2759.466
node_cons: 2169.1799999999994
tot_aggregated_send: 1450
tot_msg_rcv: 61
tot_msg_sent: 90
tot_reconf_duration: 0
tot_sleeping_duration: 105232.581
tot_uptimes: 28
tot_uptimes_duration: 1620.0
