comms_cons: 15.219072000018036
finished_reconf: true
global_termination_time: 102957.925
local_termination_time: 15090.628
node_cons: 2223.4999999999995
tot_aggregated_send: 1468
tot_msg_rcv: 16
tot_msg_sent: 50
tot_reconf_duration: 40
tot_sleeping_duration: 101337.925
tot_uptimes: 27
tot_uptimes_duration: 1620.0
