comms_cons: 26.012595199966427
finished_reconf: true
global_termination_time: 206658.11924000026
local_termination_time: 2759.466
node_cons: 4245.088259360351
tot_aggregated_send: 2842
tot_msg_rcv: 63
tot_msg_sent: 75
tot_reconf_duration: 0
tot_sleeping_duration: 203487.777
tot_uptimes: 53
tot_uptimes_duration: 3170.34224000026
