comms_cons: 110.85114879702188
finished_reconf: true
global_termination_time: 1129923.0862400006
local_termination_time: 2759.466
node_cons: 23297.022979360827
tot_aggregated_send: 15950
tot_msg_rcv: 328
tot_msg_sent: 561
tot_reconf_duration: 0
tot_sleeping_duration: 1112524.264
tot_uptimes: 290
tot_uptimes_duration: 17398.82224000059
