comms_cons: 11.915622399973154
finished_reconf: true
global_termination_time: 93837.59359999979
local_termination_time: 93837.5524799998
node_cons: 2028.3565583997236
tot_aggregated_send: 1392
tot_msg_rcv: 14
tot_msg_sent: 5
tot_reconf_duration: 20
tot_sleeping_duration: 92343.048
tot_uptimes: 25
tot_uptimes_duration: 1494.545599999794
