comms_cons: 11.830092799984786
finished_reconf: true
global_termination_time: 93826.5013599998
local_termination_time: 93826.46023999981
node_cons: 1999.9240490397456
tot_aggregated_send: 1392
tot_msg_rcv: 3
tot_msg_sent: 3
tot_reconf_duration: 10
tot_sleeping_duration: 92343.048
tot_uptimes: 25
tot_uptimes_duration: 1483.4533599998103
