comms_cons: 17.226419200011705
finished_reconf: true
global_termination_time: 93827.07867999986
local_termination_time: 2759.466
node_cons: 1967.9359055198033
tot_aggregated_send: 1334
tot_msg_rcv: 57
tot_msg_sent: 59
tot_reconf_duration: 0
tot_sleeping_duration: 92357.373
tot_uptimes: 25
tot_uptimes_duration: 1469.7056799998536
