comms_cons: 9.289855999986113
finished_reconf: true
global_termination_time: 93821.9681599998
local_termination_time: 93821.9681599998
node_cons: 2007.4340942397382
tot_aggregated_send: 1392
tot_msg_rcv: 2
tot_msg_sent: 18
tot_reconf_duration: 20
tot_sleeping_duration: 92343.048
tot_uptimes: 25
tot_uptimes_duration: 1478.920159999805
