comms_cons: 9.066163199998641
finished_reconf: true
global_termination_time: 93822.70539999989
local_termination_time: 6382.855
node_cons: 1989.2400835998424
tot_aggregated_send: 1372
tot_msg_rcv: 4
tot_msg_sent: 2
tot_reconf_duration: 20
tot_sleeping_duration: 92357.373
tot_uptimes: 25
tot_uptimes_duration: 1465.332399999883
