comms_cons: 9.270118399986469
finished_reconf: true
global_termination_time: 93810.34135999989
local_termination_time: 93810.3002399999
node_cons: 1978.285809039858
tot_aggregated_send: 1392
tot_msg_rcv: 3
tot_msg_sent: 3
tot_reconf_duration: 10
tot_sleeping_duration: 92343.048
tot_uptimes: 25
tot_uptimes_duration: 1467.2933599998942
